#format: frame checksums
#version: 2
#hash: MD5
#software: Lavf60.3.100
#tb 0: 1/30
#media_type 0: video
#codec_id 0: rawvideo
#dimensions 0: 180x320
#sar 0: 1/1
#stream#, dts,        pts, duration,     size, hash
0,          0,          0,        1,    86400, 49fb5bedc72a0acf0f953f0dc0a4397d
0,          1,          1,        1,    86400, d38fa1dc85a163817c554b440c1d25d6
0,          2,          2,        1,    86400, 1fe0848543ed28e8a00ef16b9ca5e124
0,          3,          3,        1,    86400, 2309f5a746e048a468bd2ed3b8c07e70
0,          4,          4,        1,    86400, 38cd68e4e590ac2ecaeb5c1f6de3889e
0,          5,          5,        1,    86400, c9f70c54d2d21273b4961be95b0d03d5
0,          6,          6,        1,    86400, 80f01f42156ba63962eddc69f0f1d526
0,          7,          7,        1,    86400, eaba5311b607f327d63484463751c166
0,          8,          8,        1,    86400, d2cc7ba26f5732b120f1af58006fec72
0,          9,          9,        1,    86400, 584700e4f506f0dd004fb5457bf3d44c
0,         10,         10,        1,    86400, 9c2a4787e12f24cd6de66daea4aa630e
0,         11,         11,        1,    86400, e10d1f7bde638062acfd2677b4fbe379
0,         12,         12,        1,    86400, 5dc439d5cb4140ab8cc49b2a606b0624
0,         13,         13,        1,    86400, 18192e01deadb8df94f494e685c270f9
0,         14,         14,        1,    86400, 7106654d2e436a99d0c0e78ba26d391e
0,         15,         15,        1,    86400, 8d931b778f55dccad038949ce3cbde7d
0,         16,         16,        1,    86400, f2f13e7307a4c46864d23c4a47a1a639
0,         17,         17,        1,    86400, 753562d0e17be884941fd8415e4b53b0
0,         18,         18,        1,    86400, 75bb17afa6219c84db01387f10b83260
0,         19,         19,        1,    86400, 4297d9e78f3a68314216ed481ba5c8e6
0,         20,         20,        1,    86400, 045f882dd2e3eccb3836bbb0f8f7d4f3
0,         21,         21,        1,    86400, 07af1debd4344155f5187865f046ed7c
0,         22,         22,        1,    86400, bd60c73c15ca577b6b6ec645188c201c
0,         23,         23,        1,    86400, 18ecb6760659b3768ebdd4337ed114b0
0,         24,         24,        1,    86400, a7a20991d69e27afe4b913050a963e86
0,         25,         25,        1,    86400, bb9dd224c5c4ea5d73d3edf3fed5f3d9
0,         26,         26,        1,    86400, 00842680367449da95e635f47e20cb14
0,         27,         27,        1,    86400, 66accbc03e53d3f486003b1755803ba0
0,         28,         28,        1,    86400, b0028ddc2dcbb447fb5a45a230cb29dc
0,         29,         29,        1,    86400, c8282d32b759b6c6ff2134f17ccf9434
0,         30,         30,        1,    86400, 25e51439ed431d2d606838e431082c33
0,         31,         31,        1,    86400, 5ded094780bbdebb9a7857ec2f47be9a
0,         32,         32,        1,    86400, f5cf64261efaf3a0faebb2af1dcdbc4a
0,         33,         33,        1,    86400, 72c51ff3c177660d2550dff1903d8eca
0,         34,         34,        1,    86400, 4666bd75e4f8c87c97eb8e13e5eb5cbd
0,         35,         35,        1,    86400, 483032ce4858dda7f30e9ceff8d99ab3
0,         36,         36,        1,    86400, 0ae27c85f113f4656ce571c8bc14af92
0,         37,         37,        1,    86400, 9f09b1c2c00fe25948d2d87c4c18c13f
0,         38,         38,        1,    86400, d88b53dff4d7505dfab408bacf42e398
0,         39,         39,        1,    86400, 7b18bf3b8874fae79f9d8c5a0b9f4dde
0,         40,         40,        1,    86400, 24a87b0e657e070ad24cdc75270b5910
0,         41,         41,        1,    86400, 43a9d3847b4acc27a03505e1121185e4
0,         42,         42,        1,    86400, f8c54d41d25d98772f4204aeef9780dc
0,         43,         43,        1,    86400, 664ad6c0f2d44a691dfcedfbe4584fd1
0,         44,         44,        1,    86400, 0f0f07d2438394675d962724bde91b7b
0,         45,         45,        1,    86400, 034bb8477d5fdcd309b1c37b1e1c1730
0,         46,         46,        1,    86400, 553f6e854289755f39de80c94df59445
0,         47,         47,        1,    86400, 3aaf6ae7d48222bf0afc67d52d3670e6
0,         48,         48,        1,    86400, fd278827b08bb52199b394d0c6871bb9
0,         49,         49,        1,    86400, e4586e10ca2d3b4773aa4c767e04963d
0,         50,         50,        1,    86400, b6eca6ee2b2cbb27c1238f39455ff14c
0,         51,         51,        1,    86400, 19ec7ec22a0051e034bd81294a993be8
0,         52,         52,        1,    86400, e397cf1111a87ee90efba64be37f492d
0,         53,         53,        1,    86400, c8bc71181bb04198b363ea83229e4470
0,         54,         54,        1,    86400, 1b3696280c3cd35cda83530fa7e9e8e2
0,         55,         55,        1,    86400, 2c6046169797b536c058183a44500489
0,         56,         56,        1,    86400, 1676f5e87b3a9b7ad75900047d2a5b83
0,         57,         57,        1,    86400, 7df18157cdf27d9e21861c7ad30d6f5d
0,         58,         58,        1,    86400, f040aec722d972ee18bc9193df9e617d
0,         59,         59,        1,    86400, a5c8c57029dd83e27c6784ee1aff0939
